150.000000
150.000000
150.000000
150.000000
190.000000
150.000000
150.000000
43.000000
150.000000
150.000000
110.000000
150.000000
243.000000
150.000000
76.000000
139.000000
261.000000
71.000000
248.000000
42.000000
177.000000
150.000000
150.000000
150.000000
151.000000
14.000000
0.000000
274.000000
185.000000
30.000000
150.000000
252.000000
150.000000
150.000000
233.000000
224.000000
21.000000
155.000000
38.000000
284.000000
246.000000
231.000000
151.000000
140.000000
150.000000
84.000000
196.000000
285.000000
104.000000
0.000000
103.000000
281.000000
0.000000
288.000000
57.000000
34.000000
150.000000
150.000000
150.000000
150.000000
65.000000
10.000000
219.000000
299.000000
0.000000
4.000000
189.000000
149.000000
282.000000
150.000000
150.000000
109.000000
3.000000
168.000000
291.000000
276.000000
299.000000
240.000000
194.000000
26.000000
150.000000
86.000000
150.000000
150.000000
216.000000
33.000000
299.000000
299.000000
257.000000
274.000000
244.000000
84.000000
139.000000
61.000000
150.000000
25.000000
226.000000
123.000000
260.000000
209.000000
203.000000
221.000000
158.000000
14.000000
150.000000
150.000000
150.000000
15.000000
14.000000
2.000000
98.000000
202.000000
258.000000
160.000000
195.000000
1.000000
282.000000
150.000000
150.000000
43.000000
150.000000
23.000000
264.000000
250.000000
237.000000
150.000000
150.000000
150.000000
253.000000
23.000000
150.000000
21.000000
150.000000
150.000000
234.000000
150.000000
150.000000
66.000000
150.000000
150.000000
150.000000
150.000000
150.000000
150.000000
150.000000
150.000000
150.000000
150.000000
150.000000
150.000000
150.000000
150.000000
150.000000
150.000000
150.000000
150.000000
150.000000
150.000000
150.000000
150.000000
